c 9th DIMACS Implementation Challenge: Shortest Paths
c http://www.dis.uniroma1.it/~challenge9
c TIGER/Line graph USA-road-t.NY
c
p sp 264346 733846
c graph contains 264346 nodes and 733846 arcs
c
a 1 2 2008
a 2 1 2008
a 3 4 395
a 4 3 395
a 5 6 1935
a 6 5 1935
a 7 8 3828
a 8 7 3828
a 9 10 4182
a 10 9 4182
a 9 11 3500
a 11 9 3500
a 1 12 2105
a 12 1 2105
a 2 13 1478
a 13 2 1478
a 14 15 3427
a 15 14 3427
a 16 17 4148
a 17 16 4148
a 18 19 2529
a 19 18 2529
a 20 21 3065
a 21 20 3065
a 20 22 3163
a 22 20 3163
a 23 24 6768
a 24 23 6768
a 25 26 1300
a 26 25 1300
a 27 28 1957
a 28 27 1957
a 29 30 1295
a 30 29 1295
a 31 32 8530
a 32 31 8530
a 33 34 4986
a 34 33 4986
a 33 35 843
a 35 33 843
a 36 37 908
a 37 36 908
a 38 39 2545
a 39 38 2545
a 40 41 980
a 41 40 980
a 29 42 2686
a 42 29 2686
a 43 44 1425
a 44 43 1425
a 44 45 4410
a 45 44 4410
a 46 47 2759
a 47 46 2759
a 2 48 1541
a 48 2 1541
a 49 50 3787
a 50 49 3787
a 49 51 2964
a 51 49 2964
a 52 53 5170
a 53 52 5170
a 54 55 1300
a 55 54 1300
a 56 57 1834
a 57 56 1834
a 58 59 1762
a 59 58 1762
a 60 61 1253
a 61 60 1253
a 62 63 6045
a 63 62 6045
a 64 65 2578
a 65 64 2578
a 66 58 1527
a 58 66 1527
a 67 68 8081
a 68 67 8081
a 68 60 793
a 60 68 793
a 60 69 4270
a 69 60 4270
a 70 71 883
a 71 70 883
a 69 70 1136
a 70 69 1136
a 72 73 12904
a 73 72 12904
a 74 75 1995
a 75 74 1995
a 74 76 3516
a 76 74 3516
a 77 78 1220
a 78 77 1220
a 77 79 2327
a 79 77 2327
a 78 80 11763
a 80 78 11763
a 78 81 3209
a 81 78 3209
a 82 83 922
a 83 82 922
a 82 84 4359
a 84 82 4359
a 85 86 19802
a 86 85 19802
a 86 87 25583
a 87 86 25583
a 88 89 410
a 89 88 410
a 90 91 1140
a 91 90 1140
a 91 88 2273
a 88 91 2273
a 92 93 330
a 93 92 330
a 91 92 1209
a 92 91 1209
a 94 95 357
a 95 94 357
a 96 97 5864
a 97 96 5864
a 98 99 7754
a 99 98 7754
a 100 101 7942
a 101 100 7942
a 102 103 15293
a 103 102 15293
a 104 105 2663
a 105 104 2663
a 106 107 14478
a 107 106 14478
a 108 109 5712
a 109 108 5712
a 110 109 11997
a 109 110 11997
a 109 106 9253
a 106 109 9253
a 111 106 2302
a 106 111 2302
a 112 110 7504
a 110 112 7504
a 113 114 279
a 114 113 279
a 115 113 3590
a 113 115 3590
a 116 117 10601
a 117 116 10601
a 118 119 2630
a 119 118 2630
a 118 116 6379
a 116 118 6379
a 120 118 9078
a 118 120 9078
a 121 122 4454
a 122 121 4454
a 123 120 3868
a 120 123 3868
a 123 124 5344
a 124 123 5344
a 125 123 8984
a 123 125 8984
a 126 127 2578
a 127 126 2578
a 126 128 5212
a 128 126 5212
a 125 126 5415
a 126 125 5415
a 129 125 1310
a 125 129 1310
a 130 129 17398
a 129 130 17398
a 130 131 13738
a 131 130 13738
a 131 132 3152
a 132 131 3152
a 133 134 7214
a 134 133 7214
a 131 134 10615
a 134 131 10615
a 135 136 1338
a 136 135 1338
a 134 135 2511
a 135 134 2511
a 135 137 4214
a 137 135 4214
a 138 139 8892
a 139 138 8892
a 138 140 6688
a 140 138 6688
a 139 141 1507
a 141 139 1507
a 139 142 6727
a 142 139 6727
a 143 144 4742
a 144 143 4742
a 143 145 1181
a 145 143 1181
a 140 146 19335
a 146 140 19335
a 140 143 1969
a 143 140 1969
a 147 148 5678
a 148 147 5678
a 147 149 8978
a 149 147 8978
a 146 150 1956
a 150 146 1956
a 146 151 1912
a 151 146 1912
a 152 153 5604
a 153 152 5604
a 154 147 4505
a 147 154 4505
a 154 155 2375
a 155 154 2375
a 156 157 4811
a 157 156 4811
a 156 158 3425
a 158 156 3425
a 159 156 4885
a 156 159 4885
a 159 160 3707
a 160 159 3707
a 161 162 12541
a 162 161 12541
a 152 161 6953
a 161 152 6953
a 161 163 7216
a 163 161 7216
a 164 165 4341
a 165 164 4341
a 166 167 9826
a 167 166 9826
a 168 169 3363
a 169 168 3363
a 170 166 6513
a 166 170 6513
a 171 166 2310
a 166 171 2310
a 171 172 8538
a 172 171 8538
a 173 174 4907
a 174 173 4907
a 112 175 15558
a 175 112 15558
a 167 112 12030
a 112 167 12030
a 175 167 6884
a 167 175 6884
a 176 175 11988
a 175 176 11988
a 172 177 9359
a 177 172 9359
a 178 171 20241
a 171 178 20241
a 179 180 2294
a 180 179 2294
a 181 173 4573
a 173 181 4573
a 182 181 1405
a 181 182 1405
a 182 183 5304
a 183 182 5304
a 184 182 12402
a 182 184 12402
a 183 185 2223
a 185 183 2223
a 173 179 10705
a 179 173 10705
a 179 186 9627
a 186 179 9627
a 176 187 13897
a 187 176 13897
a 188 189 2253
a 189 188 2253
a 188 190 1956
a 190 188 1956
a 191 192 9832
a 192 191 9832
a 191 176 3015
a 176 191 3015
a 193 191 6737
a 191 193 6737
a 194 193 1276
a 193 194 1276
a 195 194 1739
a 194 195 1739
a 196 197 8196
a 197 196 8196
a 198 195 4130
a 195 198 4130
a 195 199 14087
a 199 195 14087
a 193 200 7514
a 200 193 7514
a 200 201 982
a 201 200 982
a 181 202 8544
a 202 181 8544
a 203 204 19279
a 204 203 19279
a 202 196 8832
a 196 202 8832
a 205 196 4364
a 196 205 4364
a 205 206 5622
a 206 205 5622
a 207 203 17827
a 203 207 17827
a 203 208 2493
a 208 203 2493
a 209 205 5582
a 205 209 5582
a 208 209 2580
a 209 208 2580
a 210 209 4170
a 209 210 4170
a 211 210 5478
a 210 211 5478
a 212 211 757
a 211 212 757
a 213 212 5780
a 212 213 5780
a 214 213 3194
a 213 214 3194
a 215 184 2902
a 184 215 2902
a 216 215 4945
a 215 216 4945
a 217 216 2711
a 216 217 2711
a 218 219 2772
a 219 218 2772
a 217 220 8985
a 220 217 8985
a 96 217 6390
a 217 96 6390
a 98 96 3085
a 96 98 3085
a 221 98 8612
a 98 221 8612
a 222 223 1989
a 223 222 1989
a 215 218 7717
a 218 215 7717
a 218 224 7391
a 224 218 7391
a 225 226 35606
a 226 225 35606
a 223 225 3048
a 225 223 3048
a 225 227 1905
a 227 225 1905
a 227 228 1257
a 228 227 1257
a 228 229 10277
a 229 228 10277
a 34 230 615
a 230 34 615
a 221 231 8072
a 231 221 8072
a 232 221 3085
a 221 232 3085
a 233 232 8462
a 232 233 8462
a 234 100 1257
a 100 234 1257
a 233 100 687
a 100 233 687
a 234 233 687
a 233 234 687
a 235 234 833
a 234 235 833
a 236 235 6199
a 235 236 6199
a 232 222 8544
a 222 232 8544
a 237 222 19404
a 222 237 19404
a 235 238 5222
a 238 235 5222
a 239 236 1781
a 236 239 1781
a 240 239 9691
a 239 240 9691
a 239 241 3351
a 241 239 3351
a 242 243 4351
a 243 242 4351
a 242 244 3940
a 244 242 3940
a 245 240 1667
a 240 245 1667
a 245 242 4175
a 242 245 4175
a 246 245 3141
a 245 246 3141
a 236 237 12361
a 237 236 12361
a 240 247 5273
a 247 240 5273
a 246 248 7195
a 248 246 7195
a 35 249 3366
a 249 35 3366
a 101 250 645
a 250 101 645
a 251 14 5257
a 14 251 5257
a 252 251 14872
a 251 252 14872
a 253 204 4223
a 204 253 4223
a 253 254 7456
a 254 253 7456
a 14 237 9927
a 237 14 9927
a 255 229 32547
a 229 255 32547
a 229 256 3250
a 256 229 3250
a 257 258 1379
a 258 257 1379
a 256 257 9954
a 257 256 9954
a 257 259 1965
a 259 257 1965
a 256 260 7721
a 260 256 7721
a 101 261 6949
a 261 101 6949
a 260 262 10332
a 262 260 10332
a 263 253 9700
a 253 263 9700
a 207 263 2047
a 263 207 2047
a 264 207 3543
a 207 264 3543
a 263 265 14166
a 265 263 14166
a 214 264 5444
a 264 214 5444
a 266 214 2509
a 214 266 2509
a 267 266 2232
a 266 267 2232
a 268 267 6868
a 267 268 6868
a 269 267 31967
a 267 269 31967
a 260 270 3192
a 270 260 3192
a 271 272 5146
a 272 271 5146
a 251 273 2946
a 273 251 2946
a 273 274 883
a 274 273 883
a 274 275 4297
a 275 274 4297
a 274 255 2375
a 255 274 2375
a 276 255 5058
a 255 276 5058
a 276 277 3565
a 277 276 3565
a 271 278 1902
a 278 271 1902
a 279 271 1676
a 271 279 1676
a 280 279 4407
a 279 280 4407
a 270 281 1065
a 281 270 1065
a 282 269 1389
a 269 282 1389
a 283 282 7485
a 282 283 7485
a 280 282 23726
a 282 280 23726
a 284 283 2254
a 283 284 2254
a 280 285 8722
a 285 280 8722
a 286 280 10835
a 280 286 10835
a 287 288 4777
a 288 287 4777
a 289 188 34113
a 188 289 34113
a 290 130 22919
a 130 290 22919
a 291 290 17746
a 290 291 17746
a 289 292 1131
a 292 289 1131
a 293 289 1871
a 289 293 1871
a 292 294 9133
a 294 292 9133
a 293 292 1491
a 292 293 1491
a 295 294 6447
a 294 295 6447
a 294 296 14086
a 296 294 14086
a 294 297 2773
a 297 294 2773
a 196 295 4090
a 295 196 4090
a 298 299 1402
a 299 298 1402
a 210 298 9842
a 298 210 9842
a 298 300 6260
a 300 298 6260
a 296 299 4038
a 299 296 4038
a 296 301 5056
a 301 296 5056
a 211 302 5967
a 302 211 5967
a 213 303 7767
a 303 213 7767
a 304 152 16775
a 152 304 16775
a 305 304 9466
a 304 305 9466
a 306 293 7665
a 293 306 7665
a 291 306 628
a 306 291 628
a 307 291 2843
a 291 307 2843
a 308 307 1405
a 307 308 1405
a 307 309 8171
a 309 307 8171
a 310 308 1451
a 308 310 1451
a 311 312 4431
a 312 311 4431
a 310 311 882
a 311 310 882
a 313 310 6597
a 310 313 6597
a 314 315 3859
a 315 314 3859
a 316 305 1956
a 305 316 1956
a 314 316 859
a 316 314 859
a 317 316 2010
a 316 317 2010
a 318 313 933
a 313 318 933
a 313 319 882
a 319 313 882
a 318 319 1188
a 319 318 1188
a 320 318 1622
a 318 320 1622
a 321 314 859
a 314 321 859
a 319 321 6833
a 321 319 6833
a 322 323 1680
a 323 322 1680
a 304 324 6431
a 324 304 6431
a 324 325 9988
a 325 324 9988
a 163 326 1405
a 326 163 1405
a 327 328 4357
a 328 327 4357
a 324 327 5180
a 327 324 5180
a 327 329 2208
a 329 327 2208
a 330 322 6126
a 322 330 6126
a 305 330 3977
a 330 305 3977
a 321 317 1764
a 317 321 1764
a 331 317 4092
a 317 331 4092
a 332 331 4651
a 331 332 4651
a 333 334 3125
a 334 333 3125
a 330 333 3570
a 333 330 3570
a 335 336 3465
a 336 335 3465
a 331 335 4427
a 335 331 4427
a 320 337 4284
a 337 320 4284
a 337 338 251
a 338 337 251
a 338 339 679
a 339 338 679
a 335 340 7691
a 340 335 7691
a 341 342 10144
a 342 341 10144
a 297 343 2512
a 343 297 2512
a 343 320 2933
a 320 343 2933
a 344 341 4489
a 341 344 4489
a 342 320 3898
a 320 342 3898
a 345 342 1484
a 342 345 1484
a 346 345 1171
a 345 346 1171
a 347 345 1205
a 345 347 1205
a 346 344 10175
a 344 346 10175
a 348 346 13720
a 346 348 13720
a 349 347 12591
a 347 349 12591
a 350 351 10537
a 351 350 10537
a 352 353 725
a 353 352 725
a 350 354 1077
a 354 350 1077
a 348 350 4615
a 350 348 4615
a 354 355 7621
a 355 354 7621
a 355 356 7800
a 356 355 7800
a 355 357 4505
a 357 355 4505
a 358 359 3244
a 359 358 3244
a 358 360 4681
a 360 358 4681
a 361 358 5654
a 358 361 5654
a 362 361 1956
a 361 362 1956
a 361 363 4823
a 363 361 4823
a 364 349 1181
a 349 364 1181
a 349 362 1005
a 362 349 1005
a 364 362 1389
a 362 364 1389
a 365 364 933
a 364 365 933
a 366 365 3981
a 365 366 3981
a 367 348 2662
a 348 367 2662
a 368 367 16492
a 367 368 16492
a 369 370 2778
a 370 369 2778
a 367 369 2060
a 369 367 2060
a 369 371 8382
a 371 369 8382
a 372 373 5326
a 373 372 5326
a 374 375 3340
a 375 374 3340
a 266 374 6079
a 374 266 6079
a 374 268 6974
a 268 374 6974
a 376 268 5421
a 268 376 5421
a 376 377 14263
a 377 376 14263
a 378 376 10828
a 376 378 10828
a 283 379 12012
a 379 283 12012
a 284 380 16265
a 380 284 16265
a 380 381 5222
a 381 380 5222
a 381 380 5222
a 380 381 5222
a 382 378 5278
a 378 382 5278
a 378 383 7782
a 383 378 7782
a 382 381 3261
a 381 382 3261
a 384 382 6857
a 382 384 6857
a 385 384 1047
a 384 385 1047
a 386 387 594
a 387 386 594
a 385 386 7226
a 386 385 7226
a 388 385 2509
a 385 388 2509
a 389 390 2223
a 390 389 2223
a 391 284 5255
a 284 391 5255
a 391 392 4741
a 392 391 4741
a 393 391 6919
a 391 393 6919
a 394 395 3899
a 395 394 3899
a 396 393 18615
a 393 396 18615
a 397 396 838
a 396 397 838
a 398 397 3557
a 397 398 3557
a 399 397 9955
a 397 399 9955
a 393 394 8053
a 394 393 8053
a 400 401 6383
a 401 400 6383
a 402 388 1525
a 388 402 1525
a 394 402 8053
a 402 394 8053
a 403 402 11341
a 402 403 11341
a 388 389 2370
a 389 388 2370
a 404 403 3131
a 403 404 3131
a 405 403 9835
a 403 405 9835
a 406 404 5803
a 404 406 5803
a 400 407 5274
a 407 400 5274
a 405 400 6076
a 400 405 6076
a 408 398 5679
a 398 408 5679
a 398 405 12852
a 405 398 12852
a 409 410 2565
a 410 409 2565
a 409 411 5862
a 411 409 5862
a 389 412 8800
a 412 389 8800
a 413 414 5612
a 414 413 5612
a 415 409 5147
a 409 415 5147
a 415 416 3120
a 416 415 3120
a 368 415 5922
a 415 368 5922
a 417 368 2810
a 368 417 2810
a 418 417 3101
a 417 418 3101
a 418 419 6634
a 419 418 6634
a 420 418 8032
a 418 420 8032
a 419 421 3862
a 421 419 3862
a 419 422 9234
a 422 419 9234
a 422 420 688
a 420 422 688
a 423 422 1095
a 422 423 1095
a 424 425 7578
a 425 424 7578
a 426 427 6745
a 427 426 6745
a 428 413 7312
a 413 428 7312
a 428 429 4574
a 429 428 4574
a 423 428 1185
a 428 423 1185
a 430 423 687
a 423 430 687
a 430 428 1698
a 428 430 1698
a 431 432 11981
a 432 431 11981
a 433 434 1131
a 434 433 1131
a 435 433 9254
a 433 435 9254
a 435 404 3373
a 404 435 3373
a 436 435 11526
a 435 436 11526
a 433 437 5265
a 437 433 5265
a 437 438 3154
a 438 437 3154
a 437 439 5803
a 439 437 5803
a 438 440 3169
a 440 438 3169
a 441 406 12240
a 406 441 12240
a 406 442 7352
a 442 406 7352
a 441 443 5195
a 443 441 5195
a 444 441 2315
a 441 444 2315
a 445 444 10250
a 444 445 10250
a 446 447 4132
a 447 446 4132
a 448 449 1287
a 449 448 1287
a 449 450 556
a 450 449 556
a 451 449 3360
a 449 451 3360
a 452 453 1651
a 453 452 1651
a 454 455 3931
a 455 454 3931
a 451 454 883
a 454 451 883
a 451 456 1945
a 456 451 1945
a 457 451 1084
a 451 457 1084
a 454 458 1667
a 458 454 1667
a 459 460 3519
a 460 459 3519
a 444 461 4826
a 461 444 4826
a 461 462 3400
a 462 461 3400
a 461 463 3670
a 463 461 3670
a 459 464 4662
a 464 459 4662
a 438 465 3770
a 465 438 3770
a 466 465 2558
a 465 466 2558
a 466 467 2553
a 467 466 2553
a 436 468 3889
a 468 436 3889
a 469 436 3989
a 436 469 3989
a 470 471 1873
a 471 470 1873
a 446 469 3563
a 469 446 3563
a 469 470 2898
a 470 469 2898
a 426 466 2061
a 466 426 2061
a 472 426 3780
a 426 472 3780
a 431 472 1492
a 472 431 1492
a 473 431 1936
a 431 473 1936
a 474 473 969
a 473 474 969
a 474 475 7306
a 475 474 7306
a 476 474 2315
a 474 476 2315
a 477 448 218
a 448 477 218
a 475 471 2315
a 471 475 2315
a 478 479 24087
a 479 478 24087
a 480 479 1678
a 479 480 1678
a 453 477 1248
a 477 453 1248
a 453 446 2220
a 446 453 2220
a 457 452 1912
a 452 457 1912
a 481 457 5803
a 457 481 5803
a 481 459 5014
a 459 481 5014
a 482 481 3063
a 481 482 3063
a 462 483 6692
a 483 462 6692
a 483 484 4652
a 484 483 4652
a 482 483 883
a 483 482 883
a 485 482 16887
a 482 485 16887
a 486 487 5213
a 487 486 5213
a 486 488 11816
a 488 486 11816
a 489 486 5567
a 486 489 5567
a 490 489 5566
a 489 490 5566
a 489 491 1044
a 491 489 1044
a 492 493 1268
a 493 492 1268
a 494 495 3921
a 495 494 3921
a 496 492 417
a 492 496 417
a 496 159 17323
a 159 496 17323
a 497 496 1318
a 496 497 1318
a 498 492 1005
a 492 498 1005
a 499 497 4077
a 497 499 4077
a 494 500 8509
a 500 494 8509
a 501 494 19961
a 494 501 19961
a 499 502 4038
a 502 499 4038
a 162 499 3636
a 499 162 3636
a 503 162 11312
a 162 503 11312
a 501 504 4737
a 504 501 4737
a 504 505 2309
a 505 504 2309
a 506 501 15147
a 501 506 15147
a 504 507 9406
a 507 504 9406
a 508 509 3193
a 509 508 3193
a 510 511 9206
a 511 510 9206
a 511 512 2044
a 512 511 2044
a 511 513 9367
a 513 511 9367
a 507 514 2169
a 514 507 2169
a 514 515 1441
a 515 514 1441
a 516 517 9518
a 517 516 9518
a 507 518 5540
a 518 507 5540
a 519 520 2255
a 520 519 2255
a 521 522 5085
a 522 521 5085
a 523 521 688
a 521 523 688
a 523 524 4087
a 524 523 4087
a 524 525 556
a 525 524 556
a 525 522 556
a 522 525 556
a 522 526 4573
a 526 522 4573
a 527 524 6126
a 524 527 6126
a 528 519 6131
a 519 528 6131
a 528 529 3852